edge_accuracy: 0.3790470469073411
edge_roc_auc: 0.5750020378556885
graph_roc_auc: 1.0
fidelity_pos: 1.0
fidelity_neg: 1.0
full_mask_covered_ids: [40]
