edge_accuracy: 0.38864994809112446
edge_roc_auc: 0.5315072539333695
graph_roc_auc: 1.0
fidelity_pos: 1.0
fidelity_neg: 1.0
full_mask_covered_ids: [18, 20, 65]
