edge_accuracy: 0.43081145243645247
edge_roc_auc: 0.5606596416911271
graph_roc_auc: 1.0
fidelity_pos: 1.0
fidelity_neg: 1.0
full_mask_covered_ids: []
