edge_accuracy: 0.41481490323402087
edge_roc_auc: 0.6128632910151168
graph_roc_auc: 1.0
fidelity_pos: 1.0
fidelity_neg: 1.0
full_mask_covered_ids: [32, 77, 94]
