edge_accuracy: 0.43631530642560057
edge_roc_auc: 0.6166755970606246
graph_roc_auc: 1.0
fidelity_pos: 1.0
fidelity_neg: 1.0
full_mask_covered_ids: [45, 89]
