edge_accuracy: 0.40825701822257543
edge_roc_auc: 0.5008279117953656
graph_roc_auc: 1.0
fidelity_pos: 1.0
fidelity_neg: 1.0
full_mask_covered_ids: [1, 4, 30, 49, 89, 95, 98]
