edge_accuracy: 0.09557539682539681
edge_roc_auc: 0.20052886641382217
graph_roc_auc: 1.0
fidelity_pos: 1.0
fidelity_neg: 1.0
full_mask_covered_ids: []
