edge_accuracy: 0.383978021978022
edge_roc_auc: 0.48168933450927603
graph_roc_auc: 1.0
fidelity_pos: 1.0
fidelity_neg: 1.0
full_mask_covered_ids: [70]
