edge_accuracy: 0.3489768287268288
edge_roc_auc: 0.490571980334391
graph_roc_auc: 1.0
fidelity_pos: 1.0
fidelity_neg: 1.0
full_mask_covered_ids: []
