edge_accuracy: 0.09622258297258296
edge_roc_auc: 0.8904146649810367
graph_roc_auc: 1.0
fidelity_pos: 1.0
fidelity_neg: 1.0
full_mask_covered_ids: []
