edge_accuracy: 0.4873778200213959
edge_roc_auc: 0.5766652896135526
graph_roc_auc: 1.0
fidelity_pos: 1.0
fidelity_neg: 1.0
full_mask_covered_ids: [31, 49, 61, 65, 93, 95]
