edge_accuracy: 0.4122440614940615
edge_roc_auc: 0.5872875648807656
graph_roc_auc: 1.0
fidelity_pos: 1.0
fidelity_neg: 1.0
full_mask_covered_ids: [18]
