edge_accuracy: 0.4483610980522746
edge_roc_auc: 0.6055433058857627
graph_roc_auc: 1.0
fidelity_pos: 1.0
fidelity_neg: 1.0
full_mask_covered_ids: [31, 33, 39, 49, 61, 65, 93, 95]
