edge_accuracy: 0.0466468253968254
edge_roc_auc: 0.8825545722713865
graph_roc_auc: 1.0
fidelity_pos: 1.0
fidelity_neg: 1.0
full_mask_covered_ids: []
