edge_accuracy: 0.05095238095238095
edge_roc_auc: 0.46592281879194625
graph_roc_auc: 1.0
fidelity_pos: 1.0
fidelity_neg: 1.0
full_mask_covered_ids: []
