edge_accuracy: 0.31865981240981234
edge_roc_auc: 0.493191299932656
graph_roc_auc: 1.0
fidelity_pos: 1.0
fidelity_neg: 1.0
full_mask_covered_ids: [36]
