edge_accuracy: 0.4951935613406202
edge_roc_auc: 0.5836856310448152
graph_roc_auc: 1.0
fidelity_pos: 1.0
fidelity_neg: 1.0
full_mask_covered_ids: [24, 39]
