edge_accuracy: 0.42712436247962565
edge_roc_auc: 0.41668388692322295
graph_roc_auc: 1.0
fidelity_pos: 1.0
fidelity_neg: 1.0
full_mask_covered_ids: [51]
