edge_accuracy: 0.10412301587301588
edge_roc_auc: 0.36218078381795193
graph_roc_auc: 1.0
fidelity_pos: 1.0
fidelity_neg: 1.0
full_mask_covered_ids: []
