edge_accuracy: 0.09374639249639248
edge_roc_auc: 0.8906675094816687
graph_roc_auc: 1.0
fidelity_pos: 1.0
fidelity_neg: 1.0
full_mask_covered_ids: []
