edge_accuracy: 0.37262783050283055
edge_roc_auc: 0.4870685728325288
graph_roc_auc: 1.0
fidelity_pos: 1.0
fidelity_neg: 1.0
full_mask_covered_ids: []
