edge_accuracy: 0.5019909257409256
edge_roc_auc: 0.65423277300711
graph_roc_auc: 1.0
fidelity_pos: 1.0
fidelity_neg: 1.0
full_mask_covered_ids: [24, 39, 95]
