edge_accuracy: 0.4799940778176072
edge_roc_auc: 0.621506701593564
graph_roc_auc: 1.0
fidelity_pos: 1.0
fidelity_neg: 1.0
full_mask_covered_ids: [45, 89]
