edge_accuracy: 0.09988888888888887
edge_roc_auc: 0.10944372741352607
graph_roc_auc: 1.0
fidelity_pos: 1.0
fidelity_neg: 1.0
full_mask_covered_ids: []
