edge_accuracy: 0.4629715978465979
edge_roc_auc: 0.5795553293610939
graph_roc_auc: 1.0
fidelity_pos: 1.0
fidelity_neg: 1.0
full_mask_covered_ids: [12, 67]
