edge_accuracy: 0.35542375679875676
edge_roc_auc: 0.6427895401905749
graph_roc_auc: 1.0
fidelity_pos: 1.0
fidelity_neg: 1.0
full_mask_covered_ids: [25, 40]
