edge_accuracy: 0.3981432888147285
edge_roc_auc: 0.4973504631339314
graph_roc_auc: 1.0
fidelity_pos: 1.0
fidelity_neg: 1.0
full_mask_covered_ids: [1, 4, 30, 89, 98]
