edge_accuracy: 0.49611368696662816
edge_roc_auc: 0.5456154200343114
graph_roc_auc: 1.0
fidelity_pos: 1.0
fidelity_neg: 1.0
full_mask_covered_ids: [24, 39, 95]
