edge_accuracy: 0.4150364635364636
edge_roc_auc: 0.3230695340424169
graph_roc_auc: 1.0
fidelity_pos: 1.0
fidelity_neg: 1.0
full_mask_covered_ids: []
