edge_accuracy: 0.33667316670257846
edge_roc_auc: 0.5865408066489775
graph_roc_auc: 1.0
fidelity_pos: 1.0
fidelity_neg: 1.0
full_mask_covered_ids: []
