edge_accuracy: 0.10217460317460315
edge_roc_auc: 0.6721192583227982
graph_roc_auc: 1.0
fidelity_pos: 1.0
fidelity_neg: 1.0
full_mask_covered_ids: []
