edge_accuracy: 0.1357936507936508
edge_roc_auc: 0.7399477454698693
graph_roc_auc: 1.0
fidelity_pos: 1.0
fidelity_neg: 1.0
full_mask_covered_ids: []
