edge_accuracy: 0.12280555555555556
edge_roc_auc: 0.6997425200168562
graph_roc_auc: 1.0
fidelity_pos: 1.0
fidelity_neg: 1.0
full_mask_covered_ids: []
