edge_accuracy: 0.0928095238095238
edge_roc_auc: 0.4049532237673831
graph_roc_auc: 1.0
fidelity_pos: 1.0
fidelity_neg: 1.0
full_mask_covered_ids: []
