edge_accuracy: 0.4348054861804862
edge_roc_auc: 0.539801215675274
graph_roc_auc: 1.0
fidelity_pos: 1.0
fidelity_neg: 1.0
full_mask_covered_ids: [12, 32]
