edge_accuracy: 0.10288131313131312
edge_roc_auc: 0.08562467733608674
graph_roc_auc: 1.0
fidelity_pos: 1.0
fidelity_neg: 1.0
full_mask_covered_ids: []
