edge_accuracy: 0.10508730158730159
edge_roc_auc: 0.5882769747031492
graph_roc_auc: 1.0
fidelity_pos: 1.0
fidelity_neg: 1.0
full_mask_covered_ids: []
