edge_accuracy: 0.14917460317460318
edge_roc_auc: 0.6573240406126312
graph_roc_auc: 1.0
fidelity_pos: 1.0
fidelity_neg: 1.0
full_mask_covered_ids: []
