edge_accuracy: 0.10699999999999997
edge_roc_auc: 0.5440087764584409
graph_roc_auc: 1.0
fidelity_pos: 1.0
fidelity_neg: 1.0
full_mask_covered_ids: []
