edge_accuracy: 0.4671247641247641
edge_roc_auc: 0.5527066182634581
graph_roc_auc: 1.0
fidelity_pos: 1.0
fidelity_neg: 1.0
full_mask_covered_ids: [96]
