edge_accuracy: 0.43003684958832017
edge_roc_auc: 0.6134669367015235
graph_roc_auc: 1.0
fidelity_pos: 1.0
fidelity_neg: 1.0
full_mask_covered_ids: [45, 89]
