edge_accuracy: 0.046253968253968256
edge_roc_auc: 0.8732945638432363
graph_roc_auc: 1.0
fidelity_pos: 1.0
fidelity_neg: 1.0
full_mask_covered_ids: []
