edge_accuracy: 0.4703314324564325
edge_roc_auc: 0.4581121395138564
graph_roc_auc: 1.0
fidelity_pos: 1.0
fidelity_neg: 1.0
full_mask_covered_ids: [12, 71, 96]
