edge_accuracy: 0.3761416704210822
edge_roc_auc: 0.5829585283902456
graph_roc_auc: 1.0
fidelity_pos: 1.0
fidelity_neg: 1.0
full_mask_covered_ids: [0, 75]
