edge_accuracy: 0.3710147907647907
edge_roc_auc: 0.5463522912817871
graph_roc_auc: 1.0
fidelity_pos: 1.0
fidelity_neg: 1.0
full_mask_covered_ids: []
