edge_accuracy: 0.40391023355729244
edge_roc_auc: 0.41002542625103955
graph_roc_auc: 1.0
fidelity_pos: 1.0
fidelity_neg: 1.0
full_mask_covered_ids: [12, 24, 32, 46]
