edge_accuracy: 0.15369047619047616
edge_roc_auc: 0.7853570813973498
graph_roc_auc: 1.0
fidelity_pos: 1.0
fidelity_neg: 1.0
full_mask_covered_ids: []
