edge_accuracy: 0.3956332695082694
edge_roc_auc: 0.535472179184754
graph_roc_auc: 1.0
fidelity_pos: 1.0
fidelity_neg: 1.0
full_mask_covered_ids: [24, 32]
