edge_accuracy: 0.04678968253968255
edge_roc_auc: 0.39684028655710074
graph_roc_auc: 1.0
fidelity_pos: 1.0
fidelity_neg: 1.0
full_mask_covered_ids: []
