edge_accuracy: 0.12843253968253968
edge_roc_auc: 0.9018525073746313
graph_roc_auc: 1.0
fidelity_pos: 1.0
fidelity_neg: 1.0
full_mask_covered_ids: []
