edge_accuracy: 0.12917460317460316
edge_roc_auc: 0.9015996628739993
graph_roc_auc: 1.0
fidelity_pos: 1.0
fidelity_neg: 1.0
full_mask_covered_ids: []
