edge_accuracy: 0.4456426660714586
edge_roc_auc: 0.6904922075707166
graph_roc_auc: 1.0
fidelity_pos: 1.0
fidelity_neg: 1.0
full_mask_covered_ids: [5, 38]
