edge_accuracy: 0.4368650630415336
edge_roc_auc: 0.505659016328305
graph_roc_auc: 1.0
fidelity_pos: 1.0
fidelity_neg: 1.0
full_mask_covered_ids: [1, 4, 30, 49, 89, 95, 98]
