edge_accuracy: 0.5468203969233381
edge_roc_auc: 0.6517290976192368
graph_roc_auc: 1.0
fidelity_pos: 1.0
fidelity_neg: 1.0
full_mask_covered_ids: [24, 95]
