edge_accuracy: 0.3749220093631858
edge_roc_auc: 0.413740681656463
graph_roc_auc: 1.0
fidelity_pos: 1.0
fidelity_neg: 1.0
full_mask_covered_ids: []
